.Random.seed <-
c(403L, 10L, -1451050588L, 2043257738L, -1356623883L, 1606057551L, 
51218774L, 1945285632L, -1403110077L, -1675808543L, 1023298128L, 
131921582L, 1499742809L, -1486099861L, -2086051878L, -1038835556L, 
585978527L, -85425931L, -984118900L, -1986059166L, 1789518909L, 
-480901449L, 1051731294L, 652733592L, 1010317307L, -1149207143L, 
-1085506008L, 1901758166L, -364522671L, -613091837L, 915454354L, 
-2131343580L, -1487099417L, 1123747389L, 487141556L, 1639098138L, 
-389149595L, 469304575L, -168270458L, -1498342640L, 1786666931L, 
1371432017L, -1239906304L, -1490315042L, 1299305257L, -448114981L, 
-770712086L, 1297327500L, -437126449L, -1657092475L, 852845884L, 
-1327355886L, 1816299277L, 656761927L, -564246994L, -200626296L, 
659942027L, 2066644073L, -1123491784L, -2075547418L, 1760120961L, 
472410131L, 472645570L, 1166018676L, 1291771511L, -106840211L, 
697253892L, 982956842L, -1870847851L, -1953489105L, 1507173942L, 
-1970437536L, 485916835L, 1609569217L, -146710608L, -118281522L, 
-312600519L, -1542939061L, 1679827962L, 838717180L, -195558593L, 
-1202631659L, -2095667412L, -1697510398L, 1445506781L, -565051945L, 
688904382L, -144897288L, 871207131L, 1608946489L, 2139936392L, 
1315873334L, -1431143823L, 1887830179L, -1434793486L, -1033983676L, 
-2016935417L, -281571363L, 72603860L, -7493638L, -2108858555L, 
379521951L, -401030874L, -986304080L, -1558877613L, 468309361L, 
-1672104800L, 1749980222L, -1173300407L, 1992821243L, 539061706L, 
437101356L, 1720273711L, -1618669083L, 293411996L, -1847707406L, 
1951494509L, 1390755495L, 1825272014L, 1084169768L, -468294101L, 
708799561L, -655315624L, 650220550L, 673994209L, -1080574093L, 
1796316130L, -55135404L, 1241243223L, 374048333L, 1901066724L, 
1723880394L, -1950919115L, -1165198193L, -1818405482L, 360606016L, 
244933635L, 1697158689L, 1912602896L, -533729554L, 1812075161L, 
895773483L, -182143462L, -955458340L, 1313231071L, -971604299L, 
-1340114868L, -837155678L, 2145063933L, 12472567L, 1332606494L, 
27429080L, 1385757755L, 1995474393L, -2029542552L, 1061572246L, 
151513105L, 2135214531L, -645630510L, 448347236L, 2060569511L, 
-851843843L, -1655275276L, -1646725158L, 1789012773L, 1243101759L, 
-762248762L, 843658832L, -1167586701L, -22024559L, -171772224L, 
1663819934L, 1625984105L, 104765595L, -171796054L, -219577908L, 
-1963201393L, 894756037L, -1241586564L, -150185774L, 1013086285L, 
1597288711L, -721287954L, -881611320L, 252416715L, 1429691177L, 
567376760L, 1012367526L, -653231423L, 1635576659L, -954263550L, 
1446851892L, 920501943L, 1105912493L, -759319612L, -1778710L, 
1626661973L, -1428178449L, 206119414L, -3934432L, -101668637L, 
-1863975551L, -1392452624L, -608943474L, -1907509767L, -1416239221L, 
-1690143814L, -1660876100L, 2050998783L, -1596600491L, 1050675308L, 
2080439490L, 2116491037L, 1721716119L, -769135362L, 1345992376L, 
-1983592293L, -40900871L, -1514362808L, -760571018L, 1100857009L, 
1352003299L, -389562958L, -621042172L, 668736839L, 1656674333L, 
1102020244L, -1908394438L, -1188046715L, 1336402416L, 752119484L, 
257174804L, 1331115714L, -1187350432L, 35166076L, 1251032016L, 
-1318687454L, -390527320L, 1927191436L, -1074598724L, -1341503694L, 
117422656L, -1791954764L, -1951671736L, -445952582L, 655905296L, 
-897976596L, -1732999852L, -1903971054L, -1503811168L, 1109898956L, 
-1446896032L, -1294873662L, 1967680296L, 2050370476L, 1797095228L, 
-1120240270L, -621580496L, -515590876L, 2059522872L, 332287706L, 
-1052271728L, 1161366268L, 944919444L, 1886281794L, 300323072L, 
-1239950276L, -1482664624L, 1757346L, 471336264L, -1585833204L, 
-491562276L, -78962350L, 39725184L, 133114964L, 1227559912L, 
-1127813894L, -2075611312L, -1673267412L, -528884364L, 1862713234L, 
904080480L, -2042608244L, -1010908320L, 1276356066L, 505287592L, 
-1832920884L, -1496181764L, 934523314L, -1437057552L, 2015272900L, 
-392885928L, -1519366790L, -553191504L, 1703435708L, 1837093972L, 
-1369667646L, -1051039712L, -751320900L, -678001072L, 1521924066L, 
440653928L, -789325748L, 868377852L, -929572878L, -517079808L, 
350967156L, 1507377160L, -884911174L, 254432720L, -24490004L, 
-718314092L, -1122836014L, -248915616L, -180397236L, -1838108384L, 
1722681218L, -2048655640L, 991439084L, 1819183164L, 1986740082L, 
729337456L, -2128823260L, 1386237752L, -1152926566L, -1629371696L, 
-1651584836L, 2053045908L, 621276802L, 188645568L, -299456708L, 
1348759696L, 12910114L, 2095901704L, 217197836L, 1520549020L, 
906965522L, -1068035200L, 328410644L, -1167229400L, -1735475910L, 
-527798832L, -2098710420L, -843233996L, 1692027538L, -1473740960L, 
762154828L, 320493536L, 2130873250L, 247249832L, 2052680076L, 
-1714819908L, -1487339150L, -1456727824L, -1916807100L, -1158027944L, 
1763150394L, -1652011152L, 1185221692L, 633123604L, -175884862L, 
1950187232L, 1307290492L, -1701559600L, 1762450594L, -1336680408L, 
-48285428L, -2013267012L, 1801530674L, 952984000L, -1764976076L, 
-1774948408L, -30626630L, 2093232528L, -109243924L, -935549356L, 
1050326162L, -773045472L, 38085068L, -960748064L, 1075402434L, 
840857640L, 659523244L, -1758129988L, 2022219250L, 1939483952L, 
1641653412L, -284857672L, -942106278L, 600058256L, -1096263812L, 
-900364012L, 1916731202L, 1057607424L, 1585247164L, 191415120L, 
-2007503070L, 1923626312L, 1797434892L, -1897830308L, 1272705234L, 
58924544L, -1106353836L, 794676712L, 1941793786L, 1484438736L, 
-769926868L, -2113915148L, 583785874L, 1185427552L, -1034013428L, 
-720737568L, 1697582434L, -1359994200L, 891513420L, 762262908L, 
1628367154L, 2044492912L, 1519299396L, -2038136360L, 195454074L, 
1665328688L, -172629316L, -1514794156L, -538976190L, -624752224L, 
-635480388L, 1199984080L, -1332630174L, 1110124520L, -1438228532L, 
819643132L, -194624014L, 1436089472L, -578791180L, -1472988536L, 
-1179243718L, -1414645936L, 980662892L, -1396979564L, 1480868178L, 
1257989856L, 1753896652L, 1784371360L, -2061854846L, 1801324264L, 
-97714452L, -185130948L, 1709057650L, 2124477552L, -1617569244L, 
-818698184L, 1415049242L, -278681904L, -999089092L, 1309121684L, 
1577509933L, -1530514278L, 1948416088L, -482562111L, -899727245L, 
-1729496684L, 1996912674L, 753430327L, -2130513407L, -2142328058L, 
-1744144572L, 351963765L, 1024093151L, 488943416L, -804407018L, 
113550627L, 685479653L, 113995522L, -1679260304L, 190510361L, 
-932147957L, -1300165124L, -1423432150L, 1500360287L, 1806552553L, 
-316551426L, 1356877548L, 858439229L, -353366521L, 1201119728L, 
344170894L, -1753618501L, -1588375139L, -1799041206L, 1622979432L, 
-1865145007L, 292562499L, 2019380036L, -2080073742L, -1301908025L, 
449993617L, 1841648406L, -1777670284L, 122025477L, 582319695L, 
-129263032L, 871877606L, 1410458899L, -1047709067L, 2042300498L, 
-1335514464L, -423905399L, 1632125883L, 781796364L, -876134L, 
-667885297L, 634752857L, 507675118L, -635851652L, -1445275411L, 
-792785001L, -1173374880L, -1086449090L, 1259883275L, -1486794355L, 
-399582534L, 1296929016L, 759008929L, -7428525L, 1734826356L, 
-1521475838L, -610404457L, 1122580833L, 112705958L, 1039324068L, 
473247317L, -2118283521L, -1871957096L, 161113270L, 1580233027L, 
885401733L, 1536184610L, -1359830512L, 1596205497L, -453670293L, 
1753671004L, -1675078518L, -1725612929L, -1788193335L, -2061554082L, 
640199948L, -1067665187L, 1771591143L, 156126736L, 792281902L, 
1192151003L, -431728451L, 459756074L, 326270664L, -947115023L, 
1104543075L, 1186592100L, 1607252114L, -39973529L, 2047186737L, 
-1970795402L, 191378836L, -328752731L, -1184482641L, -29373592L, 
-1536247994L, 1110896371L, -1278341035L, 1046334514L, -1808356864L, 
-2101687575L, -1448890021L, -791864404L, 1537316794L, -1585602193L, 
689400569L, -321297522L, -988705188L, 1199389901L, -1340636105L, 
214879936L, -675169890L, -545168789L, -648877587L, -1148725158L, 
1685399320L, 309374081L, 328972851L, -373405612L, -295498654L, 
-1212194057L, -1891513023L, 2136095686L, -1794127612L, -37066571L, 
936646559L, 1459730424L, -1434965546L, 166047843L, 1310565413L, 
